iterations	rmse
01	0.6851
02	0.6824
03	0.5918
04	0.5901
05	0.5885
06	0.5870
07	0.5856
08	0.5841
09	0.5826
10	0.5811
11	0.5796
12	0.5781
13	0.5766
14	0.5751
15	0.5737
16	0.5722
17	0.5708
18	0.5694
19	0.5680
20	0.5667
21	0.5654
22	0.5642
23	0.5630
24	0.5618
25	0.5607
26	0.5597
27	0.5586
28	0.5576
29	0.5567
30	0.5557
31	0.5548
32	0.5539
33	0.5530
34	0.5521
35	0.5512
36	0.5502
37	0.5493
38	0.5484
39	0.5475
40	0.5465
41	0.5455
42	0.5445
43	0.5435
44	0.5425
45	0.5415
46	0.5404
47	0.5394
48	0.5384
49	0.5374
50	0.5364
51	0.5354
52	0.5344
53	0.5334
54	0.5324
55	0.5315
56	0.5305
57	0.5296
58	0.5286
59	0.5276
60	0.5266
61	0.5256
62	0.5246
63	0.5235
64	0.5225
65	0.5214
66	0.5204
67	0.5193
68	0.5182
69	0.5172
70	0.5162
71	0.5152
72	0.5142
73	0.5132
74	0.5123
75	0.5114
76	0.5105
77	0.5097
78	0.5088
79	0.5080
80	0.5071
81	0.5063
82	0.5055
83	0.5046
84	0.5038
85	0.5030
86	0.5021
87	0.5012
88	0.5004
89	0.4995
90	0.4986
91	0.4977
92	0.4968
93	0.4959
94	0.4951
95	0.4942
96	0.4934
97	0.4925
98	0.4917
99	0.4909
100	0.4901
101	0.4894
102	0.4886
103	0.4878
104	0.4871
105	0.4863
106	0.4856
107	0.4848
108	0.4841
109	0.4833
110	0.4825
111	0.4818
112	0.4810
113	0.4802
114	0.4794
115	0.4786
116	0.4778
117	0.4771
118	0.4763
119	0.4755
120	0.4748
121	0.4740
122	0.4733
123	0.4725
124	0.4718
125	0.4710
126	0.4703
127	0.4696
128	0.4688
129	0.4681
130	0.4674
131	0.4667
132	0.4659
133	0.4652
134	0.4645
135	0.4638
136	0.4631
137	0.4624
138	0.4617
139	0.4610
140	0.4604
141	0.4597
142	0.4591
143	0.4584
144	0.4578
145	0.4572
146	0.4566
147	0.4560
148	0.4554
149	0.4548
150	0.4543
151	0.4537
152	0.4531
153	0.4525
154	0.4518
155	0.4512
156	0.4506
157	0.4499
158	0.4493
159	0.4486
160	0.4480
161	0.4473
162	0.4466
163	0.4460
164	0.4453
165	0.4446
166	0.4440
167	0.4433
168	0.4427
169	0.4420
170	0.4414
171	0.4408
172	0.4402
173	0.4396
174	0.4390
175	0.4384
176	0.4378
177	0.4371
178	0.4365
179	0.4359
180	0.4353
181	0.4347
182	0.4340
183	0.4334
184	0.4328
185	0.4321
186	0.4315
187	0.4308
188	0.4302
189	0.4296
190	0.4289
191	0.4283
192	0.4277
193	0.4270
194	0.4264
195	0.4257
196	0.4251
197	0.4245
198	0.4238
199	0.4232
200	0.4225
201	0.4218
202	0.4212
203	0.4205
204	0.4198
205	0.4191
206	0.4185
207	0.4178
208	0.4171
209	0.4164
210	0.4158
211	0.4151
212	0.4144
213	0.4138
214	0.4131
215	0.4125
216	0.4118
217	0.4111
218	0.4105
219	0.4098
220	0.4092
221	0.4085
222	0.4078
223	0.4072
224	0.4065
225	0.4058
226	0.4052
227	0.4045
228	0.4038
229	0.4032
230	0.4025
231	0.4018
232	0.4012
233	0.4005
234	0.3998
235	0.3991
236	0.3984
237	0.3977
238	0.3969
239	0.3962
240	0.3954
241	0.3946
242	0.3939
243	0.3931
244	0.3923
245	0.3916
246	0.3909
247	0.3901
248	0.3894
249	0.3887
250	0.3880
251	0.3873
252	0.3866
253	0.3859
254	0.3852
255	0.3845
256	0.3837
257	0.3830
258	0.3822
259	0.3813
260	0.3805
261	0.3796
262	0.3787
263	0.3779
264	0.3770
265	0.3761
266	0.3753
267	0.3745
268	0.3736
269	0.3728
270	0.3720
271	0.3712
272	0.3704
273	0.3695
274	0.3687
275	0.3679
276	0.3670
277	0.3661
278	0.3652
279	0.3644
280	0.3635
281	0.3627
282	0.3618
283	0.3610
284	0.3602
285	0.3594
286	0.3586
287	0.3578
288	0.3569
289	0.3561
290	0.3552
291	0.3543
292	0.3534
293	0.3525
294	0.3517
295	0.3508
296	0.3499
297	0.3491
298	0.3482
299	0.3474
300	0.3466
301	0.3458
302	0.3450
303	0.3442
304	0.3434
305	0.3427
306	0.3419
307	0.3411
308	0.3403
309	0.3396
310	0.3388
311	0.3380
312	0.3373
313	0.3365
314	0.3358
315	0.3351
316	0.3343
317	0.3336
318	0.3329
319	0.3322
320	0.3315
321	0.3308
322	0.3301
323	0.3294
324	0.3287
325	0.3280
326	0.3273
327	0.3266
328	0.3259
329	0.3253
330	0.3246
331	0.3239
332	0.3232
333	0.3226
334	0.3219
335	0.3212
336	0.3206
337	0.3199
338	0.3193
339	0.3186
340	0.3180
341	0.3173
342	0.3167
343	0.3161
344	0.3155
345	0.3148
346	0.3142
347	0.3136
348	0.3130
349	0.3124
350	0.3118
351	0.3112
352	0.3106
353	0.3100
354	0.3094
355	0.3088
356	0.3082
357	0.3076
358	0.3070
359	0.3063
360	0.3057
361	0.3051
362	0.3045
363	0.3039
364	0.3033
365	0.3027
366	0.3022
367	0.3016
368	0.3010
369	0.3004
370	0.2998
371	0.2992
372	0.2986
373	0.2980
374	0.2974
375	0.2967
376	0.2961
377	0.2955
378	0.2949
379	0.2943
380	0.2938
381	0.2932
382	0.2926
383	0.2920
384	0.2915
385	0.2909
386	0.2903
387	0.2898
388	0.2892
389	0.2887
390	0.2881
391	0.2876
392	0.2870
393	0.2865
394	0.2859
395	0.2854
396	0.2848
397	0.2843
398	0.2837
399	0.2832
400	0.2827
401	0.2822
402	0.2816
403	0.2811
404	0.2806
405	0.2801
406	0.2795
407	0.2790
408	0.2785
409	0.2780
410	0.2775
411	0.2769
412	0.2764
413	0.2759
414	0.2754
415	0.2748
416	0.2743
417	0.2738
418	0.2733
419	0.2727
420	0.2722
421	0.2717
422	0.2712
423	0.2706
424	0.2701
425	0.2696
426	0.2691
427	0.2685
428	0.2680
429	0.2675
430	0.2670
431	0.2665
432	0.2661
433	0.2656
434	0.2651
435	0.2646
436	0.2641
437	0.2636
438	0.2632
439	0.2627
440	0.2622
441	0.2617
442	0.2612
443	0.2607
444	0.2602
445	0.2597
446	0.2592
447	0.2587
448	0.2582
449	0.2577
450	0.2572
451	0.2568
452	0.2563
453	0.2558
454	0.2553
455	0.2549
456	0.2544
457	0.2539
458	0.2535
459	0.2530
460	0.2526
461	0.2521
462	0.2517
463	0.2512
464	0.2507
465	0.2503
466	0.2498
467	0.2494
468	0.2489
469	0.2485
470	0.2480
471	0.2476
472	0.2472
473	0.2468
474	0.2463
475	0.2459
476	0.2455
477	0.2451
478	0.2447
479	0.2442
480	0.2438
481	0.2433
482	0.2429
483	0.2424
484	0.2420
485	0.2416
486	0.2411
487	0.2407
488	0.2403
489	0.2399
490	0.2395
491	0.2391
492	0.2387
493	0.2383
494	0.2379
495	0.2375
496	0.2371
497	0.2367
498	0.2362
499	0.2358
500	0.2354
501	0.2350
502	0.2346
503	0.2342
504	0.2338
505	0.2335
506	0.2331
507	0.2327
508	0.2324
509	0.2320
510	0.2317
511	0.2313
512	0.2309
513	0.2305
514	0.2302
515	0.2298
516	0.2294
517	0.2290
518	0.2286
519	0.2282
520	0.2279
521	0.2275
522	0.2271
523	0.2267
524	0.2264
525	0.2260
526	0.2256
527	0.2253
528	0.2249
529	0.2245
530	0.2242
531	0.2238
532	0.2235
533	0.2231
534	0.2228
535	0.2224
536	0.2221
537	0.2218
538	0.2215
539	0.2211
540	0.2208
541	0.2205
542	0.2202
543	0.2199
544	0.2196
545	0.2193
546	0.2189
547	0.2186
548	0.2183
549	0.2179
550	0.2176
551	0.2172
552	0.2168
553	0.2165
554	0.2161
555	0.2158
556	0.2154
557	0.2151
558	0.2148
559	0.2145
560	0.2142
561	0.2139
562	0.2136
563	0.2133
564	0.2129
565	0.2126
566	0.2123
567	0.2120
568	0.2117
569	0.2114
570	0.2111
571	0.2108
572	0.2105
573	0.2102
574	0.2099
575	0.2096
576	0.2094
577	0.2091
578	0.2088
579	0.2085
580	0.2082
581	0.2079
582	0.2076
583	0.2073
584	0.2070
585	0.2067
586	0.2064
587	0.2061
588	0.2058
589	0.2055
590	0.2052
591	0.2049
592	0.2046
593	0.2044
594	0.2041
595	0.2038
596	0.2035
597	0.2033
598	0.2030
599	0.2027
600	0.2025
601	0.2022
602	0.2019
603	0.2017
604	0.2014
605	0.2011
606	0.2009
607	0.2006
608	0.2003
609	0.2000
610	0.1998
611	0.1995
612	0.1992
613	0.1989
614	0.1987
615	0.1984
616	0.1981
617	0.1979
618	0.1976
619	0.1973
620	0.1971
621	0.1968
622	0.1966
623	0.1963
624	0.1960
625	0.1958
626	0.1956
627	0.1953
628	0.1951
629	0.1948
630	0.1946
631	0.1944
632	0.1941
633	0.1939
634	0.1936
635	0.1934
636	0.1931
637	0.1929
638	0.1926
639	0.1924
640	0.1921
641	0.1919
642	0.1916
643	0.1913
644	0.1911
645	0.1909
646	0.1906
647	0.1904
648	0.1901
649	0.1899
650	0.1897
651	0.1894
652	0.1892
653	0.1890
654	0.1888
655	0.1886
656	0.1883
657	0.1881
658	0.1879
659	0.1877
660	0.1874
661	0.1872
662	0.1870
663	0.1868
664	0.1865
665	0.1863
666	0.1861
667	0.1859
668	0.1857
669	0.1855
670	0.1853
671	0.1851
672	0.1849
673	0.1846
674	0.1844
675	0.1842
676	0.1840
677	0.1838
678	0.1835
679	0.1833
680	0.1831
681	0.1829
682	0.1826
683	0.1824
684	0.1822
685	0.1820
686	0.1818
687	0.1816
688	0.1814
689	0.1812
690	0.1810
691	0.1808
692	0.1806
693	0.1804
694	0.1802
695	0.1800
696	0.1798
697	0.1796
698	0.1794
699	0.1792
700	0.1790
701	0.1788
702	0.1786
703	0.1784
704	0.1783
705	0.1781
706	0.1779
707	0.1777
708	0.1775
709	0.1773
710	0.1771
711	0.1769
712	0.1767
713	0.1765
714	0.1763
715	0.1761
716	0.1759
717	0.1758
718	0.1756
719	0.1754
720	0.1752
721	0.1751
722	0.1749
723	0.1747
724	0.1746
725	0.1744
726	0.1742
727	0.1741
728	0.1739
729	0.1737
730	0.1736
731	0.1734
732	0.1732
733	0.1730
734	0.1728
735	0.1727
736	0.1725
737	0.1723
738	0.1721
739	0.1720
740	0.1718
741	0.1716
742	0.1715
743	0.1713
744	0.1711
745	0.1710
746	0.1708
747	0.1707
748	0.1705
749	0.1703
750	0.1702
751	0.1700
752	0.1699
753	0.1697
754	0.1696
755	0.1694
756	0.1693
757	0.1691
758	0.1690
759	0.1688
760	0.1687
761	0.1685
762	0.1684
763	0.1682
764	0.1680
765	0.1679
766	0.1677
767	0.1676
768	0.1675
769	0.1673
770	0.1672
771	0.1670
772	0.1669
773	0.1667
774	0.1666
775	0.1665
776	0.1663
777	0.1662
778	0.1660
779	0.1659
780	0.1658
781	0.1656
782	0.1655
783	0.1654
784	0.1652
785	0.1651
786	0.1650
787	0.1648
788	0.1647
789	0.1645
790	0.1644
791	0.1643
792	0.1641
793	0.1640
794	0.1638
795	0.1637
796	0.1635
797	0.1634
798	0.1633
799	0.1631
800	0.1630
801	0.1629
802	0.1628
803	0.1627
804	0.1626
805	0.1624
806	0.1623
807	0.1622
808	0.1621
809	0.1620
810	0.1619
811	0.1618
812	0.1617
813	0.1616
814	0.1614
815	0.1613
816	0.1612
817	0.1611
818	0.1610
819	0.1608
820	0.1607
821	0.1606
822	0.1605
823	0.1604
824	0.1603
825	0.1601
826	0.1600
827	0.1599
828	0.1598
829	0.1597
830	0.1595
831	0.1594
832	0.1593
833	0.1592
834	0.1591
835	0.1590
836	0.1589
837	0.1588
838	0.1587
839	0.1586
840	0.1585
841	0.1584
842	0.1583
843	0.1582
844	0.1581
845	0.1580
846	0.1579
847	0.1578
848	0.1577
849	0.1576
850	0.1575
851	0.1574
852	0.1573
853	0.1572
854	0.1571
855	0.1570
856	0.1569
857	0.1568
858	0.1567
859	0.1566
860	0.1565
861	0.1564
862	0.1563
863	0.1562
864	0.1562
865	0.1561
866	0.1560
867	0.1559
868	0.1558
869	0.1557
870	0.1556
871	0.1555
872	0.1554
873	0.1553
874	0.1552
875	0.1551
876	0.1551
877	0.1550
878	0.1549
879	0.1548
880	0.1547
881	0.1546
882	0.1545
883	0.1545
884	0.1544
885	0.1543
886	0.1542
887	0.1541
888	0.1541
889	0.1540
890	0.1539
891	0.1539
892	0.1538
893	0.1537
894	0.1536
895	0.1536
896	0.1535
897	0.1534
898	0.1533
899	0.1532
900	0.1532
901	0.1531
902	0.1530
903	0.1529
904	0.1528
905	0.1528
906	0.1527
907	0.1526
908	0.1525
909	0.1525
910	0.1524
911	0.1523
912	0.1522
913	0.1522
914	0.1521
915	0.1521
916	0.1520
917	0.1519
918	0.1519
919	0.1518
920	0.1517
921	0.1517
922	0.1516
923	0.1515
924	0.1515
925	0.1514
926	0.1513
927	0.1513
928	0.1512
929	0.1511
930	0.1510
931	0.1510
932	0.1509
933	0.1508
934	0.1508
935	0.1507
936	0.1506
937	0.1506
938	0.1505
939	0.1504
940	0.1504
941	0.1503
942	0.1502
943	0.1502
944	0.1501
945	0.1501
946	0.1500
947	0.1500
948	0.1499
949	0.1499
950	0.1498
951	0.1498
952	0.1497
953	0.1497
954	0.1496
955	0.1496
956	0.1495
957	0.1494
958	0.1494
959	0.1493
960	0.1493
961	0.1492
962	0.1492
963	0.1491
964	0.1490
965	0.1490
966	0.1489
967	0.1489
968	0.1488
969	0.1488
970	0.1487
971	0.1486
972	0.1486
973	0.1485
974	0.1485
975	0.1485
976	0.1484
977	0.1484
978	0.1483
979	0.1483
980	0.1482
981	0.1482
982	0.1481
983	0.1481
984	0.1481
985	0.1480
986	0.1480
987	0.1479
988	0.1479
989	0.1478
990	0.1478
991	0.1477
992	0.1477
993	0.1476
994	0.1476
995	0.1475
996	0.1475
997	0.1474
998	0.1474
999	0.1473
1000	0.1473
1001	0.1473
1002	0.1472
1003	0.1472
1004	0.1471
1005	0.1471
1006	0.1470
1007	0.1470
1008	0.1470
1009	0.1469
1010	0.1469
1011	0.1468
1012	0.1468
1013	0.1467
1014	0.1467
1015	0.1467
1016	0.1466
1017	0.1466
1018	0.1465
1019	0.1465
1020	0.1464
1021	0.1464
1022	0.1464
1023	0.1463
1024	0.1463
1025	0.1462
1026	0.1462
1027	0.1462
1028	0.1461
1029	0.1461
1030	0.1461
1031	0.1460
1032	0.1460
1033	0.1460
1034	0.1459
1035	0.1459
1036	0.1458
1037	0.1458
1038	0.1458
1039	0.1457
1040	0.1457
1041	0.1457
1042	0.1456
1043	0.1456
1044	0.1455
1045	0.1455
1046	0.1455
1047	0.1454
1048	0.1454
1049	0.1454
1050	0.1453
1051	0.1453
1052	0.1453
1053	0.1452
1054	0.1452
1055	0.1452
1056	0.1451
1057	0.1451
1058	0.1451
1059	0.1450
1060	0.1450
1061	0.1450
1062	0.1449
1063	0.1449
1064	0.1449
1065	0.1448
1066	0.1448
1067	0.1448
1068	0.1447
1069	0.1447
1070	0.1446
1071	0.1446
1072	0.1446
1073	0.1445
1074	0.1445
1075	0.1445
1076	0.1444
1077	0.1444
1078	0.1444
1079	0.1443
1080	0.1443
1081	0.1443
1082	0.1442
1083	0.1442
1084	0.1442
1085	0.1441
1086	0.1441
1087	0.1441
1088	0.1441
1089	0.1440
1090	0.1440
1091	0.1440
1092	0.1439
1093	0.1439
1094	0.1439
1095	0.1439
1096	0.1438
1097	0.1438
1098	0.1438
1099	0.1437
1100	0.1437
1101	0.1437
1102	0.1437
1103	0.1436
1104	0.1436
1105	0.1436
1106	0.1435
1107	0.1435
1108	0.1435
1109	0.1435
1110	0.1434
1111	0.1434
1112	0.1434
1113	0.1433
1114	0.1433
1115	0.1433
1116	0.1433
1117	0.1432
1118	0.1432
1119	0.1432
1120	0.1432
1121	0.1431
1122	0.1431
1123	0.1431
1124	0.1430
1125	0.1430
1126	0.1430
1127	0.1429
1128	0.1429
1129	0.1429
1130	0.1429
1131	0.1428
1132	0.1428
1133	0.1428
1134	0.1427
1135	0.1427
1136	0.1427
1137	0.1427
1138	0.1426
1139	0.1426
1140	0.1426
1141	0.1426
1142	0.1425
1143	0.1425
1144	0.1425
1145	0.1425
1146	0.1424
1147	0.1424
1148	0.1424
1149	0.1424
1150	0.1424
1151	0.1423
1152	0.1423
1153	0.1423
1154	0.1423
1155	0.1422
1156	0.1422
1157	0.1422
1158	0.1422
1159	0.1421
1160	0.1421
1161	0.1421
1162	0.1421
1163	0.1420
1164	0.1420
1165	0.1420
1166	0.1420
1167	0.1419
1168	0.1419
1169	0.1419
1170	0.1419
1171	0.1418
1172	0.1418
1173	0.1418
1174	0.1418
1175	0.1417
1176	0.1417
1177	0.1417
1178	0.1417
1179	0.1417
1180	0.1416
1181	0.1416
1182	0.1416
1183	0.1416
1184	0.1416
1185	0.1415
1186	0.1415
1187	0.1415
1188	0.1415
1189	0.1414
1190	0.1414
1191	0.1414
1192	0.1414
1193	0.1414
1194	0.1413
1195	0.1413
1196	0.1413
1197	0.1413
1198	0.1413
1199	0.1412
1200	0.1412
1201	0.1412
1202	0.1412
1203	0.1412
1204	0.1411
1205	0.1411
1206	0.1411
1207	0.1411
1208	0.1411
1209	0.1410
1210	0.1410
1211	0.1410
1212	0.1410
1213	0.1409
1214	0.1409
1215	0.1409
1216	0.1409
1217	0.1409
1218	0.1408
1219	0.1408
1220	0.1408
1221	0.1408
1222	0.1407
1223	0.1407
1224	0.1407
1225	0.1407
1226	0.1407
1227	0.1407
1228	0.1406
1229	0.1406
1230	0.1406
1231	0.1406
1232	0.1406
1233	0.1406
1234	0.1406
1235	0.1405
1236	0.1405
1237	0.1405
1238	0.1405
1239	0.1405
1240	0.1405
1241	0.1405
1242	0.1404
1243	0.1404
1244	0.1404
1245	0.1404
1246	0.1403
1247	0.1403
1248	0.1403
1249	0.1403
1250	0.1403
1251	0.1402
1252	0.1402
1253	0.1402
1254	0.1402
1255	0.1402
1256	0.1402
1257	0.1401
1258	0.1401
1259	0.1401
1260	0.1401
1261	0.1401
1262	0.1401
1263	0.1401
1264	0.1400
1265	0.1400
1266	0.1400
1267	0.1400
1268	0.1400
1269	0.1400
1270	0.1400
1271	0.1400
1272	0.1399
1273	0.1399
1274	0.1399
1275	0.1399
1276	0.1399
1277	0.1398
1278	0.1398
1279	0.1398
1280	0.1398
1281	0.1398
1282	0.1397
1283	0.1397
1284	0.1397
1285	0.1397
1286	0.1397
1287	0.1397
1288	0.1396
1289	0.1396
1290	0.1396
1291	0.1396
1292	0.1396
1293	0.1396
1294	0.1396
1295	0.1396
1296	0.1396
1297	0.1395
1298	0.1395
1299	0.1395
1300	0.1395
1301	0.1395
1302	0.1395
1303	0.1395
1304	0.1394
1305	0.1394
1306	0.1394
1307	0.1394
1308	0.1394
1309	0.1394
1310	0.1394
1311	0.1393
1312	0.1393
1313	0.1393
1314	0.1393
1315	0.1393
1316	0.1393
1317	0.1392
1318	0.1392
1319	0.1392
1320	0.1392
1321	0.1392
1322	0.1392
1323	0.1392
1324	0.1392
1325	0.1392
1326	0.1391
1327	0.1391
1328	0.1391
1329	0.1391
1330	0.1391
1331	0.1391
1332	0.1391
1333	0.1391
1334	0.1391
1335	0.1390
1336	0.1390
1337	0.1390
1338	0.1390
1339	0.1390
1340	0.1390
1341	0.1390
1342	0.1389
1343	0.1389
1344	0.1389
1345	0.1389
1346	0.1389
1347	0.1389
1348	0.1389
1349	0.1389
1350	0.1388
1351	0.1388
1352	0.1388
1353	0.1388
1354	0.1388
1355	0.1388
1356	0.1388
1357	0.1388
1358	0.1388
1359	0.1388
1360	0.1388
1361	0.1388
1362	0.1387
1363	0.1387
1364	0.1387
1365	0.1387
1366	0.1387
1367	0.1387
1368	0.1387
1369	0.1387
1370	0.1386
1371	0.1386
1372	0.1386
1373	0.1386
1374	0.1386
1375	0.1386
1376	0.1386
1377	0.1386
1378	0.1385
1379	0.1385
1380	0.1385
1381	0.1385
1382	0.1385
1383	0.1385
1384	0.1385
1385	0.1385
1386	0.1385
1387	0.1385
1388	0.1385
1389	0.1385
1390	0.1384
1391	0.1384
1392	0.1384
1393	0.1384
1394	0.1384
1395	0.1384
1396	0.1384
1397	0.1384
1398	0.1384
1399	0.1384
1400	0.1384
1401	0.1383
1402	0.1383
1403	0.1383
1404	0.1383
1405	0.1383
1406	0.1383
1407	0.1383
1408	0.1383
1409	0.1383
1410	0.1383
1411	0.1383
1412	0.1382
1413	0.1382
1414	0.1382
1415	0.1382
1416	0.1382
1417	0.1382
1418	0.1382
1419	0.1382
1420	0.1382
1421	0.1382
1422	0.1382
1423	0.1382
1424	0.1382
1425	0.1382
1426	0.1381
1427	0.1381
1428	0.1381
1429	0.1381
1430	0.1381
1431	0.1381
1432	0.1381
1433	0.1381
1434	0.1381
1435	0.1381
1436	0.1380
1437	0.1380
1438	0.1380
1439	0.1380
1440	0.1380
1441	0.1380
1442	0.1380
1443	0.1380
1444	0.1380
1445	0.1380
1446	0.1380
1447	0.1380
1448	0.1380
1449	0.1379
1450	0.1379
1451	0.1379
1452	0.1379
1453	0.1379
1454	0.1379
1455	0.1379
1456	0.1379
1457	0.1379
1458	0.1379
1459	0.1379
1460	0.1379
1461	0.1379
1462	0.1379
1463	0.1378
1464	0.1378
1465	0.1378
1466	0.1378
1467	0.1378
1468	0.1378
1469	0.1378
1470	0.1378
1471	0.1378
1472	0.1378
1473	0.1378
1474	0.1377
1475	0.1377
1476	0.1377
1477	0.1377
1478	0.1377
1479	0.1377
1480	0.1377
1481	0.1377
1482	0.1377
1483	0.1377
1484	0.1377
1485	0.1377
1486	0.1377
1487	0.1377
1488	0.1377
1489	0.1377
1490	0.1377
1491	0.1376
1492	0.1376
1493	0.1376
1494	0.1376
1495	0.1376
1496	0.1376
1497	0.1376
1498	0.1376
1499	0.1376
1500	0.1376
1501	0.1376
1502	0.1376
1503	0.1376
1504	0.1375
1505	0.1375
1506	0.1375
1507	0.1375
1508	0.1375
1509	0.1375
1510	0.1375
1511	0.1375
1512	0.1375
1513	0.1375
1514	0.1375
1515	0.1375
1516	0.1375
1517	0.1375
1518	0.1375
1519	0.1375
1520	0.1375
1521	0.1374
1522	0.1374
1523	0.1374
1524	0.1374
1525	0.1374
1526	0.1374
1527	0.1374
1528	0.1374
1529	0.1374
1530	0.1374
1531	0.1374
1532	0.1374
1533	0.1374
1534	0.1374
1535	0.1374
1536	0.1373
1537	0.1373
1538	0.1373
1539	0.1373
1540	0.1373
1541	0.1373
1542	0.1373
1543	0.1373
1544	0.1373
1545	0.1373
1546	0.1373
1547	0.1373
1548	0.1373
1549	0.1373
1550	0.1373
1551	0.1373
1552	0.1373
1553	0.1373
1554	0.1373
1555	0.1372
1556	0.1372
1557	0.1372
1558	0.1372
1559	0.1372
1560	0.1372
1561	0.1372
1562	0.1372
1563	0.1372
1564	0.1372
1565	0.1372
1566	0.1372
1567	0.1372
1568	0.1372
1569	0.1372
1570	0.1372
1571	0.1372
1572	0.1372
1573	0.1372
1574	0.1371
1575	0.1371
1576	0.1371
1577	0.1371
1578	0.1371
1579	0.1371
1580	0.1371
1581	0.1371
1582	0.1371
1583	0.1371
1584	0.1371
1585	0.1371
1586	0.1371
1587	0.1371
1588	0.1371
1589	0.1371
1590	0.1371
1591	0.1371
1592	0.1370
1593	0.1370
1594	0.1370
1595	0.1370
1596	0.1370
1597	0.1370
1598	0.1370
1599	0.1370
1600	0.1370
1601	0.1370
1602	0.1370
1603	0.1370
1604	0.1370
1605	0.1370
1606	0.1370
1607	0.1370
1608	0.1370
1609	0.1370
1610	0.1370
1611	0.1370
1612	0.1370
1613	0.1370
1614	0.1370
1615	0.1369
1616	0.1369
1617	0.1369
1618	0.1369
1619	0.1369
1620	0.1369
1621	0.1369
1622	0.1369
1623	0.1369
1624	0.1369
1625	0.1369
1626	0.1369
1627	0.1369
1628	0.1369
1629	0.1369
1630	0.1369
1631	0.1369
1632	0.1369
1633	0.1369
1634	0.1369
1635	0.1369
1636	0.1369
1637	0.1369
1638	0.1369
1639	0.1368
1640	0.1368
1641	0.1368
1642	0.1368
1643	0.1368
1644	0.1368
1645	0.1368
1646	0.1368
1647	0.1368
1648	0.1368
1649	0.1368
1650	0.1368
1651	0.1368
1652	0.1368
1653	0.1368
1654	0.1368
1655	0.1368
1656	0.1368
1657	0.1368
1658	0.1368
1659	0.1367
1660	0.1367
1661	0.1367
1662	0.1367
1663	0.1367
1664	0.1367
1665	0.1367
1666	0.1367
1667	0.1367
1668	0.1367
1669	0.1367
1670	0.1367
1671	0.1367
1672	0.1367
1673	0.1367
1674	0.1367
1675	0.1367
1676	0.1367
1677	0.1367
1678	0.1367
1679	0.1367
1680	0.1367
1681	0.1367
1682	0.1367
1683	0.1367
1684	0.1367
1685	0.1367
1686	0.1367
1687	0.1366
1688	0.1366
1689	0.1366
1690	0.1366
1691	0.1366
1692	0.1366
1693	0.1366
1694	0.1366
1695	0.1366
1696	0.1366
1697	0.1366
1698	0.1366
1699	0.1366
1700	0.1366
1701	0.1366
1702	0.1366
1703	0.1366
1704	0.1366
1705	0.1366
1706	0.1366
1707	0.1366
1708	0.1366
1709	0.1366
1710	0.1366
1711	0.1366
1712	0.1366
1713	0.1366
1714	0.1366
1715	0.1366
1716	0.1366
1717	0.1365
1718	0.1365
1719	0.1365
1720	0.1365
1721	0.1365
1722	0.1365
1723	0.1365
1724	0.1365
1725	0.1365
1726	0.1365
1727	0.1365
1728	0.1365
1729	0.1365
1730	0.1365
1731	0.1365
1732	0.1365
1733	0.1365
1734	0.1365
1735	0.1365
1736	0.1365
1737	0.1365
1738	0.1365
1739	0.1365
1740	0.1365
1741	0.1365
1742	0.1365
1743	0.1365
1744	0.1365
1745	0.1365
1746	0.1364
1747	0.1364
1748	0.1364
1749	0.1364
1750	0.1364
1751	0.1364
1752	0.1364
1753	0.1364
1754	0.1364
1755	0.1364
1756	0.1364
1757	0.1364
1758	0.1364
1759	0.1364
1760	0.1364
1761	0.1364
1762	0.1364
1763	0.1364
1764	0.1364
1765	0.1364
1766	0.1364
1767	0.1364
1768	0.1364
1769	0.1364
1770	0.1364
1771	0.1364
1772	0.1364
1773	0.1364
1774	0.1364
1775	0.1364
1776	0.1364
1777	0.1364
1778	0.1364
1779	0.1364
1780	0.1363
1781	0.1363
1782	0.1363
1783	0.1363
1784	0.1363
1785	0.1363
1786	0.1363
1787	0.1363
1788	0.1363
1789	0.1363
1790	0.1363
1791	0.1363
1792	0.1363
1793	0.1363
1794	0.1363
1795	0.1363
1796	0.1363
1797	0.1363
1798	0.1363
1799	0.1363
1800	0.1363
1801	0.1363
1802	0.1363
1803	0.1363
1804	0.1363
1805	0.1363
1806	0.1363
1807	0.1363
1808	0.1363
1809	0.1363
1810	0.1363
1811	0.1363
1812	0.1363
1813	0.1363
1814	0.1363
1815	0.1363
1816	0.1363
1817	0.1362
1818	0.1362
1819	0.1362
1820	0.1362
1821	0.1362
1822	0.1362
1823	0.1362
1824	0.1362
1825	0.1362
1826	0.1362
1827	0.1362
1828	0.1362
1829	0.1362
1830	0.1362
1831	0.1362
1832	0.1362
1833	0.1362
1834	0.1362
1835	0.1362
1836	0.1362
1837	0.1362
1838	0.1362
1839	0.1362
1840	0.1362
1841	0.1362
1842	0.1362
1843	0.1362
1844	0.1362
1845	0.1362
1846	0.1362
1847	0.1362
1848	0.1362
1849	0.1362
1850	0.1362
1851	0.1362
1852	0.1362
1853	0.1362
1854	0.1362
1855	0.1362
1856	0.1362
1857	0.1362
1858	0.1362
1859	0.1362
1860	0.1362
1861	0.1362
1862	0.1362
1863	0.1362
1864	0.1361
1865	0.1361
1866	0.1361
1867	0.1361
1868	0.1361
1869	0.1361
1870	0.1361
1871	0.1361
1872	0.1361
1873	0.1361
1874	0.1361
1875	0.1361
1876	0.1361
1877	0.1361
1878	0.1361
1879	0.1361
1880	0.1361
1881	0.1361
1882	0.1361
1883	0.1361
1884	0.1361
1885	0.1361
1886	0.1361
1887	0.1361
1888	0.1361
1889	0.1361
1890	0.1361
1891	0.1361
1892	0.1361
1893	0.1361
1894	0.1361
1895	0.1361
1896	0.1361
1897	0.1361
1898	0.1361
1899	0.1361
1900	0.1361
1901	0.1361
1902	0.1361
1903	0.1361
1904	0.1361
1905	0.1361
1906	0.1361
1907	0.1361
1908	0.1361
1909	0.1361
1910	0.1361
1911	0.1361
1912	0.1361
1913	0.1360
1914	0.1360
1915	0.1360
1916	0.1360
1917	0.1360
1918	0.1360
1919	0.1360
1920	0.1360
1921	0.1360
1922	0.1360
1923	0.1360
1924	0.1360
1925	0.1360
1926	0.1360
1927	0.1360
1928	0.1360
1929	0.1360
1930	0.1360
1931	0.1360
1932	0.1360
1933	0.1360
1934	0.1360
1935	0.1360
1936	0.1360
1937	0.1360
1938	0.1360
1939	0.1360
1940	0.1360
1941	0.1360
1942	0.1360
1943	0.1360
1944	0.1360
1945	0.1360
1946	0.1360
1947	0.1360
1948	0.1360
1949	0.1360
1950	0.1360
1951	0.1360
1952	0.1360
1953	0.1360
1954	0.1360
1955	0.1360
1956	0.1360
1957	0.1360
1958	0.1360
1959	0.1360
1960	0.1360
1961	0.1360
1962	0.1360
1963	0.1360
1964	0.1360
1965	0.1360
1966	0.1360
1967	0.1360
1968	0.1360
1969	0.1359
1970	0.1359
1971	0.1359
1972	0.1359
1973	0.1359
1974	0.1359
1975	0.1359
1976	0.1359
1977	0.1359
1978	0.1359
1979	0.1359
1980	0.1359
1981	0.1359
1982	0.1359
1983	0.1359
1984	0.1359
1985	0.1359
1986	0.1359
1987	0.1359
1988	0.1359
1989	0.1359
1990	0.1359
1991	0.1359
1992	0.1359
1993	0.1359
1994	0.1359
1995	0.1359
1996	0.1359
1997	0.1359
1998	0.1359
1999	0.1359
2000	0.1359
2001	0.1359
