iterations	rmse
01	0.6851
02	0.6361
03	0.6337
04	0.5979
05	0.5970
06	0.5959
07	0.5945
08	0.5926
09	0.5896
10	0.5834
11	0.5767
12	0.5728
13	0.5699
14	0.5672
15	0.5647
16	0.5622
17	0.5598
18	0.5576
19	0.5555
20	0.5535
21	0.5517
22	0.5501
23	0.5485
24	0.5470
25	0.5456
26	0.5443
27	0.5430
28	0.5418
29	0.5406
30	0.5394
31	0.5383
32	0.5372
33	0.5362
34	0.5352
35	0.5342
36	0.5332
37	0.5322
38	0.5311
39	0.5300
40	0.5289
41	0.5278
42	0.5266
43	0.5254
44	0.5242
45	0.5230
46	0.5219
47	0.5207
48	0.5197
49	0.5186
50	0.5176
51	0.5166
52	0.5157
53	0.5147
54	0.5137
55	0.5127
56	0.5118
57	0.5107
58	0.5097
59	0.5087
60	0.5076
61	0.5065
62	0.5055
63	0.5044
64	0.5034
65	0.5024
66	0.5013
67	0.5003
68	0.4993
69	0.4983
70	0.4973
71	0.4962
72	0.4952
73	0.4942
74	0.4931
75	0.4921
76	0.4910
77	0.4900
78	0.4889
79	0.4878
80	0.4867
81	0.4857
82	0.4846
83	0.4835
84	0.4824
85	0.4814
86	0.4803
87	0.4792
88	0.4782
89	0.4771
90	0.4760
91	0.4749
92	0.4738
93	0.4727
94	0.4716
95	0.4705
96	0.4693
97	0.4682
98	0.4671
99	0.4660
100	0.4649
101	0.4638
102	0.4626
103	0.4615
104	0.4604
105	0.4592
106	0.4580
107	0.4569
108	0.4557
109	0.4545
110	0.4533
111	0.4522
112	0.4510
113	0.4499
114	0.4487
115	0.4476
116	0.4465
117	0.4453
118	0.4441
119	0.4429
120	0.4417
121	0.4404
122	0.4392
123	0.4379
124	0.4366
125	0.4353
126	0.4341
127	0.4328
128	0.4314
129	0.4301
130	0.4287
131	0.4273
132	0.4259
133	0.4244
134	0.4230
135	0.4215
136	0.4201
137	0.4186
138	0.4171
139	0.4156
140	0.4140
141	0.4123
142	0.4105
143	0.4087
144	0.4069
145	0.4051
146	0.4034
147	0.4018
148	0.4002
149	0.3987
150	0.3972
151	0.3957
152	0.3941
153	0.3924
154	0.3908
155	0.3892
156	0.3876
157	0.3860
158	0.3844
159	0.3829
160	0.3814
161	0.3799
162	0.3784
163	0.3770
164	0.3755
165	0.3741
166	0.3727
167	0.3714
168	0.3700
169	0.3687
170	0.3674
171	0.3661
172	0.3648
173	0.3634
174	0.3621
175	0.3607
176	0.3593
177	0.3579
178	0.3566
179	0.3553
180	0.3540
181	0.3528
182	0.3515
183	0.3504
184	0.3492
185	0.3481
186	0.3470
187	0.3458
188	0.3447
189	0.3436
190	0.3425
191	0.3413
192	0.3402
193	0.3391
194	0.3380
195	0.3370
196	0.3359
197	0.3349
198	0.3338
199	0.3328
200	0.3318
201	0.3307
202	0.3297
203	0.3287
204	0.3277
205	0.3266
206	0.3256
207	0.3245
208	0.3235
209	0.3225
210	0.3215
211	0.3206
212	0.3196
213	0.3186
214	0.3177
215	0.3167
216	0.3158
217	0.3149
218	0.3140
219	0.3131
220	0.3122
221	0.3113
222	0.3104
223	0.3094
224	0.3084
225	0.3074
226	0.3064
227	0.3055
228	0.3046
229	0.3037
230	0.3028
231	0.3019
232	0.3009
233	0.3000
234	0.2991
235	0.2981
236	0.2971
237	0.2962
238	0.2952
239	0.2942
240	0.2932
241	0.2921
242	0.2911
243	0.2900
244	0.2889
245	0.2879
246	0.2868
247	0.2858
248	0.2847
249	0.2835
250	0.2824
251	0.2812
252	0.2801
253	0.2789
254	0.2778
255	0.2766
256	0.2754
257	0.2742
258	0.2731
259	0.2719
260	0.2707
261	0.2696
262	0.2684
263	0.2672
264	0.2660
265	0.2647
266	0.2634
267	0.2622
268	0.2609
269	0.2596
270	0.2583
271	0.2569
272	0.2556
273	0.2542
274	0.2530
275	0.2518
276	0.2506
277	0.2494
278	0.2481
279	0.2467
280	0.2454
281	0.2441
282	0.2428
283	0.2415
284	0.2403
285	0.2392
286	0.2380
287	0.2369
288	0.2358
289	0.2347
290	0.2335
291	0.2324
292	0.2312
293	0.2301
294	0.2289
295	0.2278
296	0.2267
297	0.2256
298	0.2246
299	0.2236
300	0.2226
301	0.2217
302	0.2207
303	0.2198
304	0.2188
305	0.2177
306	0.2167
307	0.2157
308	0.2147
309	0.2138
310	0.2129
311	0.2121
312	0.2112
313	0.2103
314	0.2095
315	0.2087
316	0.2079
317	0.2071
318	0.2063
319	0.2056
320	0.2048
321	0.2040
322	0.2033
323	0.2025
324	0.2018
325	0.2011
326	0.2005
327	0.1998
328	0.1992
329	0.1986
330	0.1980
331	0.1974
332	0.1968
333	0.1962
334	0.1956
335	0.1951
336	0.1946
337	0.1941
338	0.1936
339	0.1931
340	0.1925
341	0.1920
342	0.1916
343	0.1911
344	0.1907
345	0.1902
346	0.1898
347	0.1893
348	0.1889
349	0.1885
350	0.1881
351	0.1877
352	0.1873
353	0.1869
354	0.1865
355	0.1862
356	0.1858
357	0.1854
358	0.1851
359	0.1847
360	0.1844
361	0.1841
362	0.1837
363	0.1834
364	0.1831
365	0.1828
366	0.1825
367	0.1822
368	0.1819
369	0.1816
370	0.1813
371	0.1810
372	0.1807
373	0.1804
374	0.1801
375	0.1799
376	0.1796
377	0.1793
378	0.1791
379	0.1788
380	0.1785
381	0.1782
382	0.1780
383	0.1777
384	0.1774
385	0.1772
386	0.1770
387	0.1767
388	0.1765
389	0.1762
390	0.1759
391	0.1757
392	0.1754
393	0.1752
394	0.1750
395	0.1747
396	0.1745
397	0.1742
398	0.1740
399	0.1737
400	0.1735
401	0.1733
402	0.1731
403	0.1728
404	0.1726
405	0.1724
406	0.1722
407	0.1719
408	0.1717
409	0.1715
410	0.1713
411	0.1710
412	0.1708
413	0.1706
414	0.1704
415	0.1702
416	0.1700
417	0.1697
418	0.1695
419	0.1693
420	0.1691
421	0.1689
422	0.1686
423	0.1684
424	0.1682
425	0.1680
426	0.1678
427	0.1676
428	0.1674
429	0.1672
430	0.1670
431	0.1668
432	0.1666
433	0.1664
434	0.1662
435	0.1661
436	0.1659
437	0.1657
438	0.1655
439	0.1653
440	0.1651
441	0.1649
442	0.1647
443	0.1645
444	0.1644
445	0.1642
446	0.1640
447	0.1638
448	0.1636
449	0.1634
450	0.1633
451	0.1631
452	0.1629
453	0.1628
454	0.1626
455	0.1624
456	0.1623
457	0.1621
458	0.1619
459	0.1618
460	0.1616
461	0.1615
462	0.1613
463	0.1612
464	0.1610
465	0.1609
466	0.1607
467	0.1605
468	0.1604
469	0.1602
470	0.1601
471	0.1599
472	0.1598
473	0.1596
474	0.1595
475	0.1593
476	0.1592
477	0.1590
478	0.1589
479	0.1587
480	0.1586
481	0.1585
482	0.1583
483	0.1582
484	0.1581
485	0.1579
486	0.1578
487	0.1576
488	0.1575
489	0.1574
490	0.1572
491	0.1571
492	0.1570
493	0.1569
494	0.1567
495	0.1566
496	0.1565
497	0.1563
498	0.1562
499	0.1561
500	0.1559
501	0.1558
502	0.1557
503	0.1556
504	0.1555
505	0.1554
506	0.1552
507	0.1551
508	0.1550
509	0.1549
510	0.1548
511	0.1547
512	0.1546
513	0.1544
514	0.1543
515	0.1542
516	0.1541
517	0.1540
518	0.1539
519	0.1538
520	0.1537
521	0.1536
522	0.1535
523	0.1533
524	0.1532
525	0.1531
526	0.1530
527	0.1529
528	0.1528
529	0.1527
530	0.1526
531	0.1525
532	0.1524
533	0.1523
534	0.1522
535	0.1522
536	0.1521
537	0.1520
538	0.1519
539	0.1518
540	0.1517
541	0.1516
542	0.1515
543	0.1514
544	0.1513
545	0.1512
546	0.1512
547	0.1511
548	0.1510
549	0.1509
550	0.1508
551	0.1507
552	0.1506
553	0.1506
554	0.1505
555	0.1504
556	0.1503
557	0.1502
558	0.1501
559	0.1500
560	0.1500
561	0.1499
562	0.1498
563	0.1497
564	0.1497
565	0.1496
566	0.1495
567	0.1494
568	0.1494
569	0.1493
570	0.1492
571	0.1491
572	0.1491
573	0.1490
574	0.1489
575	0.1489
576	0.1488
577	0.1487
578	0.1487
579	0.1486
580	0.1485
581	0.1485
582	0.1484
583	0.1483
584	0.1483
585	0.1482
586	0.1481
587	0.1481
588	0.1480
589	0.1480
590	0.1479
591	0.1478
592	0.1478
593	0.1477
594	0.1476
595	0.1476
596	0.1475
597	0.1475
598	0.1474
599	0.1474
600	0.1473
601	0.1472
602	0.1472
603	0.1471
604	0.1471
605	0.1470
606	0.1470
607	0.1469
608	0.1469
609	0.1468
610	0.1468
611	0.1467
612	0.1467
613	0.1466
614	0.1466
615	0.1465
616	0.1465
617	0.1464
618	0.1464
619	0.1463
620	0.1463
621	0.1462
622	0.1462
623	0.1461
624	0.1461
625	0.1460
626	0.1460
627	0.1459
628	0.1459
629	0.1458
630	0.1458
631	0.1458
632	0.1457
633	0.1457
634	0.1456
635	0.1456
636	0.1455
637	0.1455
638	0.1455
639	0.1454
640	0.1454
641	0.1453
642	0.1453
643	0.1453
644	0.1452
645	0.1452
646	0.1451
647	0.1451
648	0.1451
649	0.1450
650	0.1450
651	0.1449
652	0.1449
653	0.1449
654	0.1448
655	0.1448
656	0.1447
657	0.1447
658	0.1447
659	0.1446
660	0.1446
661	0.1446
662	0.1445
663	0.1445
664	0.1444
665	0.1444
666	0.1444
667	0.1443
668	0.1443
669	0.1443
670	0.1442
671	0.1442
672	0.1442
673	0.1442
674	0.1441
675	0.1441
676	0.1441
677	0.1440
678	0.1440
679	0.1439
680	0.1439
681	0.1439
682	0.1439
683	0.1438
684	0.1438
685	0.1438
686	0.1437
687	0.1437
688	0.1437
689	0.1436
690	0.1436
691	0.1436
692	0.1435
693	0.1435
694	0.1435
695	0.1434
696	0.1434
697	0.1434
698	0.1434
699	0.1433
700	0.1433
701	0.1433
702	0.1432
703	0.1432
704	0.1432
705	0.1431
706	0.1431
707	0.1431
708	0.1431
709	0.1430
710	0.1430
711	0.1430
712	0.1430
713	0.1429
714	0.1429
715	0.1429
716	0.1428
717	0.1428
718	0.1428
719	0.1428
720	0.1427
721	0.1427
722	0.1427
723	0.1427
724	0.1426
725	0.1426
726	0.1426
727	0.1425
728	0.1425
729	0.1425
730	0.1425
731	0.1424
732	0.1424
733	0.1424
734	0.1424
735	0.1424
736	0.1423
737	0.1423
738	0.1423
739	0.1422
740	0.1422
741	0.1422
742	0.1422
743	0.1421
744	0.1421
745	0.1421
746	0.1421
747	0.1420
748	0.1420
749	0.1420
750	0.1420
751	0.1419
752	0.1419
753	0.1419
754	0.1419
755	0.1418
756	0.1418
757	0.1418
758	0.1418
759	0.1417
760	0.1417
761	0.1417
762	0.1417
763	0.1416
764	0.1416
765	0.1416
766	0.1416
767	0.1415
768	0.1415
769	0.1415
770	0.1415
771	0.1414
772	0.1414
773	0.1414
774	0.1414
775	0.1413
776	0.1413
777	0.1413
778	0.1413
779	0.1413
780	0.1412
781	0.1412
782	0.1412
783	0.1412
784	0.1411
785	0.1411
786	0.1411
787	0.1411
788	0.1410
789	0.1410
790	0.1410
791	0.1410
792	0.1410
793	0.1409
794	0.1409
795	0.1409
796	0.1409
797	0.1408
798	0.1408
799	0.1408
800	0.1408
801	0.1408
802	0.1407
803	0.1407
804	0.1407
805	0.1407
806	0.1407
807	0.1406
808	0.1406
809	0.1406
810	0.1406
811	0.1406
812	0.1405
813	0.1405
814	0.1405
815	0.1405
816	0.1405
817	0.1404
818	0.1404
819	0.1404
820	0.1404
821	0.1404
822	0.1403
823	0.1403
824	0.1403
825	0.1403
826	0.1402
827	0.1402
828	0.1402
829	0.1402
830	0.1402
831	0.1401
832	0.1401
833	0.1401
834	0.1401
835	0.1401
836	0.1400
837	0.1400
838	0.1400
839	0.1400
840	0.1399
841	0.1399
842	0.1399
843	0.1399
844	0.1399
845	0.1399
846	0.1398
847	0.1398
848	0.1398
849	0.1398
850	0.1398
851	0.1397
852	0.1397
853	0.1397
854	0.1397
855	0.1397
856	0.1397
857	0.1396
858	0.1396
859	0.1396
860	0.1396
861	0.1396
862	0.1396
863	0.1395
864	0.1395
865	0.1395
866	0.1395
867	0.1395
868	0.1395
869	0.1394
870	0.1394
871	0.1394
872	0.1394
873	0.1394
874	0.1393
875	0.1393
876	0.1393
877	0.1393
878	0.1393
879	0.1393
880	0.1392
881	0.1392
882	0.1392
883	0.1392
884	0.1392
885	0.1392
886	0.1392
887	0.1391
888	0.1391
889	0.1391
890	0.1391
891	0.1391
892	0.1391
893	0.1391
894	0.1390
895	0.1390
896	0.1390
897	0.1390
898	0.1390
899	0.1390
900	0.1390
901	0.1389
902	0.1389
903	0.1389
904	0.1389
905	0.1389
906	0.1389
907	0.1389
908	0.1388
909	0.1388
910	0.1388
911	0.1388
912	0.1388
913	0.1388
914	0.1388
915	0.1388
916	0.1387
917	0.1387
918	0.1387
919	0.1387
920	0.1387
921	0.1387
922	0.1387
923	0.1386
924	0.1386
925	0.1386
926	0.1386
927	0.1386
928	0.1386
929	0.1386
930	0.1386
931	0.1385
932	0.1385
933	0.1385
934	0.1385
935	0.1385
936	0.1385
937	0.1385
938	0.1385
939	0.1385
940	0.1384
941	0.1384
942	0.1384
943	0.1384
944	0.1384
945	0.1384
946	0.1384
947	0.1384
948	0.1383
949	0.1383
950	0.1383
951	0.1383
952	0.1383
953	0.1383
954	0.1383
955	0.1383
956	0.1382
957	0.1382
958	0.1382
959	0.1382
960	0.1382
961	0.1382
962	0.1382
963	0.1382
964	0.1382
965	0.1382
966	0.1381
967	0.1381
968	0.1381
969	0.1381
970	0.1381
971	0.1381
972	0.1381
973	0.1381
974	0.1381
975	0.1381
976	0.1380
977	0.1380
978	0.1380
979	0.1380
980	0.1380
981	0.1380
982	0.1380
983	0.1380
984	0.1380
985	0.1380
986	0.1379
987	0.1379
988	0.1379
989	0.1379
990	0.1379
991	0.1379
992	0.1379
993	0.1379
994	0.1379
995	0.1379
996	0.1378
997	0.1378
998	0.1378
999	0.1378
1000	0.1378
1001	0.1378
1002	0.1378
1003	0.1378
1004	0.1378
1005	0.1378
1006	0.1378
1007	0.1378
1008	0.1377
1009	0.1377
1010	0.1377
1011	0.1377
1012	0.1377
1013	0.1377
1014	0.1377
1015	0.1377
1016	0.1377
1017	0.1377
1018	0.1377
1019	0.1376
1020	0.1376
1021	0.1376
1022	0.1376
1023	0.1376
1024	0.1376
1025	0.1376
1026	0.1376
1027	0.1376
1028	0.1376
1029	0.1376
1030	0.1376
1031	0.1375
1032	0.1375
1033	0.1375
1034	0.1375
1035	0.1375
1036	0.1375
1037	0.1375
1038	0.1375
1039	0.1375
1040	0.1375
1041	0.1375
1042	0.1375
1043	0.1375
1044	0.1374
1045	0.1374
1046	0.1374
1047	0.1374
1048	0.1374
1049	0.1374
1050	0.1374
1051	0.1374
1052	0.1374
1053	0.1374
1054	0.1374
1055	0.1374
1056	0.1374
1057	0.1374
1058	0.1373
1059	0.1373
1060	0.1373
1061	0.1373
1062	0.1373
1063	0.1373
1064	0.1373
1065	0.1373
1066	0.1373
1067	0.1373
1068	0.1373
1069	0.1373
1070	0.1373
1071	0.1372
1072	0.1372
1073	0.1372
1074	0.1372
1075	0.1372
1076	0.1372
1077	0.1372
1078	0.1372
1079	0.1372
1080	0.1372
1081	0.1372
1082	0.1372
1083	0.1372
1084	0.1372
1085	0.1372
1086	0.1371
1087	0.1371
1088	0.1371
1089	0.1371
1090	0.1371
1091	0.1371
1092	0.1371
1093	0.1371
1094	0.1371
1095	0.1371
1096	0.1371
1097	0.1371
1098	0.1371
1099	0.1371
1100	0.1371
1101	0.1371
1102	0.1371
1103	0.1370
1104	0.1370
1105	0.1370
1106	0.1370
1107	0.1370
1108	0.1370
1109	0.1370
1110	0.1370
1111	0.1370
1112	0.1370
1113	0.1370
1114	0.1370
1115	0.1370
1116	0.1370
1117	0.1370
1118	0.1370
1119	0.1370
1120	0.1369
1121	0.1369
1122	0.1369
1123	0.1369
1124	0.1369
1125	0.1369
1126	0.1369
1127	0.1369
1128	0.1369
1129	0.1369
1130	0.1369
1131	0.1369
1132	0.1369
1133	0.1369
1134	0.1369
1135	0.1369
1136	0.1369
1137	0.1369
1138	0.1368
1139	0.1368
1140	0.1368
1141	0.1368
1142	0.1368
1143	0.1368
1144	0.1368
1145	0.1368
1146	0.1368
1147	0.1368
1148	0.1368
1149	0.1368
1150	0.1368
1151	0.1368
1152	0.1368
1153	0.1368
1154	0.1368
1155	0.1368
1156	0.1368
1157	0.1368
1158	0.1367
1159	0.1367
1160	0.1367
1161	0.1367
1162	0.1367
1163	0.1367
1164	0.1367
1165	0.1367
1166	0.1367
1167	0.1367
1168	0.1367
1169	0.1367
1170	0.1367
1171	0.1367
1172	0.1367
1173	0.1367
1174	0.1367
1175	0.1367
1176	0.1367
1177	0.1367
1178	0.1367
1179	0.1366
1180	0.1366
1181	0.1366
1182	0.1366
1183	0.1366
1184	0.1366
1185	0.1366
1186	0.1366
1187	0.1366
1188	0.1366
1189	0.1366
1190	0.1366
1191	0.1366
1192	0.1366
1193	0.1366
1194	0.1366
1195	0.1366
1196	0.1366
1197	0.1366
1198	0.1366
1199	0.1366
1200	0.1366
1201	0.1366
1202	0.1366
1203	0.1366
1204	0.1365
1205	0.1365
1206	0.1365
1207	0.1365
1208	0.1365
1209	0.1365
1210	0.1365
1211	0.1365
1212	0.1365
1213	0.1365
1214	0.1365
1215	0.1365
1216	0.1365
1217	0.1365
1218	0.1365
1219	0.1365
1220	0.1365
1221	0.1365
1222	0.1365
1223	0.1365
1224	0.1365
1225	0.1365
1226	0.1365
1227	0.1364
1228	0.1364
1229	0.1364
1230	0.1364
1231	0.1364
1232	0.1364
1233	0.1364
1234	0.1364
1235	0.1364
1236	0.1364
1237	0.1364
1238	0.1364
1239	0.1364
1240	0.1364
1241	0.1364
1242	0.1364
1243	0.1364
1244	0.1364
1245	0.1364
1246	0.1364
1247	0.1364
1248	0.1364
1249	0.1364
1250	0.1364
1251	0.1364
1252	0.1364
1253	0.1363
1254	0.1363
1255	0.1363
1256	0.1363
1257	0.1363
1258	0.1363
1259	0.1363
1260	0.1363
1261	0.1363
1262	0.1363
1263	0.1363
1264	0.1363
1265	0.1363
1266	0.1363
1267	0.1363
1268	0.1363
1269	0.1363
1270	0.1363
1271	0.1363
1272	0.1363
1273	0.1363
1274	0.1363
1275	0.1363
1276	0.1363
1277	0.1363
1278	0.1363
1279	0.1363
1280	0.1363
1281	0.1362
1282	0.1362
1283	0.1362
1284	0.1362
1285	0.1362
1286	0.1362
1287	0.1362
1288	0.1362
1289	0.1362
1290	0.1362
1291	0.1362
1292	0.1362
1293	0.1362
1294	0.1362
1295	0.1362
1296	0.1362
1297	0.1362
1298	0.1362
1299	0.1362
1300	0.1362
1301	0.1362
1302	0.1362
1303	0.1362
1304	0.1362
1305	0.1362
1306	0.1362
1307	0.1362
1308	0.1362
1309	0.1362
1310	0.1361
1311	0.1361
1312	0.1361
1313	0.1361
1314	0.1361
1315	0.1361
1316	0.1361
1317	0.1361
1318	0.1361
1319	0.1361
1320	0.1361
1321	0.1361
1322	0.1361
1323	0.1361
1324	0.1361
1325	0.1361
1326	0.1361
1327	0.1361
1328	0.1361
1329	0.1361
1330	0.1361
1331	0.1361
1332	0.1361
1333	0.1361
1334	0.1361
1335	0.1361
1336	0.1361
1337	0.1361
1338	0.1361
1339	0.1361
1340	0.1361
1341	0.1361
1342	0.1361
1343	0.1361
1344	0.1360
1345	0.1360
1346	0.1360
1347	0.1360
1348	0.1360
1349	0.1360
1350	0.1360
1351	0.1360
1352	0.1360
1353	0.1360
1354	0.1360
1355	0.1360
1356	0.1360
1357	0.1360
1358	0.1360
1359	0.1360
1360	0.1360
1361	0.1360
1362	0.1360
1363	0.1360
1364	0.1360
1365	0.1360
1366	0.1360
1367	0.1360
1368	0.1360
1369	0.1360
1370	0.1360
1371	0.1360
1372	0.1360
1373	0.1360
1374	0.1360
1375	0.1360
1376	0.1360
1377	0.1360
1378	0.1360
1379	0.1360
1380	0.1360
1381	0.1360
1382	0.1360
1383	0.1360
1384	0.1359
1385	0.1359
1386	0.1359
1387	0.1359
1388	0.1359
1389	0.1359
1390	0.1359
1391	0.1359
1392	0.1359
1393	0.1359
1394	0.1359
1395	0.1359
1396	0.1359
1397	0.1359
1398	0.1359
1399	0.1359
1400	0.1359
1401	0.1359
1402	0.1359
1403	0.1359
1404	0.1359
1405	0.1359
1406	0.1359
1407	0.1359
1408	0.1359
1409	0.1359
1410	0.1359
1411	0.1359
1412	0.1359
1413	0.1359
1414	0.1359
1415	0.1359
1416	0.1359
1417	0.1359
1418	0.1359
1419	0.1359
1420	0.1359
1421	0.1359
1422	0.1359
1423	0.1359
1424	0.1359
1425	0.1359
1426	0.1359
1427	0.1359
1428	0.1358
1429	0.1358
1430	0.1358
1431	0.1358
1432	0.1358
1433	0.1358
1434	0.1358
1435	0.1358
1436	0.1358
1437	0.1358
1438	0.1358
1439	0.1358
1440	0.1358
1441	0.1358
1442	0.1358
1443	0.1358
1444	0.1358
1445	0.1358
1446	0.1358
1447	0.1358
1448	0.1358
1449	0.1358
1450	0.1358
1451	0.1358
1452	0.1358
1453	0.1358
1454	0.1358
1455	0.1358
1456	0.1358
1457	0.1358
1458	0.1358
1459	0.1358
1460	0.1358
1461	0.1358
1462	0.1358
1463	0.1358
1464	0.1358
1465	0.1358
1466	0.1358
1467	0.1358
1468	0.1358
1469	0.1358
1470	0.1358
1471	0.1358
1472	0.1358
1473	0.1358
1474	0.1358
1475	0.1358
1476	0.1358
1477	0.1358
1478	0.1358
1479	0.1358
1480	0.1358
1481	0.1358
1482	0.1358
1483	0.1358
1484	0.1358
1485	0.1358
1486	0.1358
1487	0.1358
1488	0.1358
1489	0.1358
1490	0.1358
1491	0.1358
1492	0.1357
1493	0.1357
1494	0.1357
1495	0.1357
1496	0.1357
1497	0.1357
1498	0.1357
1499	0.1357
1500	0.1357
1501	0.1357
1502	0.1357
1503	0.1357
1504	0.1357
1505	0.1357
1506	0.1357
1507	0.1357
1508	0.1357
1509	0.1357
1510	0.1357
1511	0.1357
1512	0.1357
1513	0.1357
1514	0.1357
1515	0.1357
1516	0.1357
1517	0.1357
1518	0.1357
1519	0.1357
1520	0.1357
1521	0.1357
1522	0.1357
1523	0.1357
1524	0.1357
1525	0.1357
1526	0.1357
1527	0.1357
1528	0.1357
1529	0.1357
1530	0.1357
1531	0.1357
1532	0.1357
1533	0.1357
1534	0.1357
1535	0.1357
1536	0.1357
1537	0.1357
1538	0.1357
1539	0.1357
1540	0.1357
1541	0.1357
1542	0.1357
1543	0.1357
1544	0.1357
1545	0.1357
1546	0.1357
1547	0.1357
1548	0.1357
1549	0.1357
1550	0.1357
1551	0.1357
1552	0.1357
1553	0.1357
1554	0.1357
1555	0.1357
1556	0.1357
1557	0.1357
1558	0.1357
1559	0.1357
1560	0.1357
1561	0.1357
1562	0.1357
1563	0.1357
1564	0.1357
1565	0.1357
1566	0.1357
1567	0.1357
1568	0.1356
1569	0.1356
1570	0.1356
1571	0.1356
1572	0.1356
1573	0.1356
1574	0.1356
1575	0.1356
1576	0.1356
1577	0.1356
1578	0.1356
1579	0.1356
1580	0.1356
1581	0.1356
1582	0.1356
1583	0.1356
1584	0.1356
1585	0.1356
1586	0.1356
1587	0.1356
1588	0.1356
1589	0.1356
1590	0.1356
1591	0.1356
1592	0.1356
1593	0.1356
1594	0.1356
1595	0.1356
1596	0.1356
1597	0.1356
1598	0.1356
1599	0.1356
1600	0.1356
1601	0.1356
1602	0.1356
1603	0.1356
1604	0.1356
1605	0.1356
1606	0.1356
1607	0.1356
1608	0.1356
1609	0.1356
1610	0.1356
1611	0.1356
1612	0.1356
1613	0.1356
1614	0.1356
1615	0.1356
1616	0.1356
1617	0.1356
1618	0.1356
1619	0.1356
1620	0.1356
1621	0.1356
1622	0.1356
1623	0.1356
1624	0.1356
1625	0.1356
1626	0.1356
1627	0.1356
1628	0.1356
1629	0.1356
1630	0.1356
1631	0.1356
1632	0.1356
1633	0.1356
1634	0.1356
1635	0.1356
1636	0.1356
1637	0.1356
1638	0.1356
1639	0.1356
1640	0.1356
1641	0.1356
1642	0.1356
1643	0.1356
1644	0.1356
1645	0.1356
1646	0.1356
1647	0.1356
1648	0.1356
1649	0.1356
1650	0.1356
1651	0.1356
1652	0.1356
1653	0.1356
1654	0.1355
1655	0.1355
1656	0.1355
1657	0.1355
1658	0.1355
1659	0.1355
1660	0.1355
1661	0.1355
1662	0.1355
1663	0.1355
1664	0.1355
1665	0.1355
1666	0.1355
1667	0.1355
1668	0.1355
1669	0.1355
1670	0.1355
1671	0.1355
1672	0.1355
1673	0.1355
1674	0.1355
1675	0.1355
1676	0.1355
1677	0.1355
1678	0.1355
1679	0.1355
1680	0.1355
1681	0.1355
1682	0.1355
1683	0.1355
1684	0.1355
1685	0.1355
1686	0.1355
1687	0.1355
1688	0.1355
1689	0.1355
1690	0.1355
1691	0.1355
1692	0.1355
1693	0.1355
1694	0.1355
1695	0.1355
1696	0.1355
1697	0.1355
1698	0.1355
1699	0.1355
1700	0.1355
1701	0.1355
1702	0.1355
1703	0.1355
1704	0.1355
1705	0.1355
1706	0.1355
1707	0.1355
1708	0.1355
1709	0.1355
1710	0.1355
1711	0.1355
1712	0.1355
1713	0.1355
1714	0.1355
1715	0.1355
1716	0.1355
1717	0.1355
1718	0.1355
1719	0.1355
1720	0.1355
1721	0.1355
1722	0.1355
1723	0.1355
1724	0.1355
1725	0.1355
1726	0.1355
1727	0.1355
1728	0.1355
1729	0.1355
1730	0.1355
1731	0.1355
1732	0.1355
1733	0.1355
1734	0.1355
1735	0.1355
1736	0.1355
1737	0.1355
1738	0.1355
1739	0.1355
1740	0.1355
1741	0.1355
1742	0.1355
1743	0.1355
1744	0.1355
1745	0.1355
1746	0.1355
1747	0.1355
1748	0.1355
1749	0.1355
1750	0.1355
1751	0.1355
1752	0.1355
1753	0.1355
1754	0.1355
1755	0.1354
1756	0.1354
1757	0.1354
1758	0.1354
1759	0.1354
1760	0.1354
1761	0.1354
1762	0.1354
1763	0.1354
1764	0.1354
1765	0.1354
1766	0.1354
1767	0.1354
1768	0.1354
1769	0.1354
1770	0.1354
1771	0.1354
1772	0.1354
1773	0.1354
1774	0.1354
1775	0.1354
1776	0.1354
1777	0.1354
1778	0.1354
1779	0.1354
1780	0.1354
1781	0.1354
1782	0.1354
1783	0.1354
1784	0.1354
1785	0.1354
1786	0.1354
1787	0.1354
1788	0.1354
1789	0.1354
1790	0.1354
1791	0.1354
1792	0.1354
1793	0.1354
1794	0.1354
1795	0.1354
1796	0.1354
1797	0.1354
1798	0.1354
1799	0.1354
1800	0.1354
1801	0.1354
1802	0.1354
1803	0.1354
1804	0.1354
1805	0.1354
1806	0.1354
1807	0.1354
1808	0.1354
1809	0.1354
1810	0.1354
1811	0.1354
1812	0.1354
1813	0.1354
1814	0.1354
1815	0.1354
1816	0.1354
1817	0.1354
1818	0.1354
1819	0.1354
1820	0.1354
1821	0.1354
1822	0.1354
1823	0.1354
1824	0.1354
1825	0.1354
1826	0.1354
1827	0.1354
1828	0.1354
1829	0.1354
1830	0.1354
1831	0.1354
1832	0.1354
1833	0.1354
1834	0.1354
1835	0.1354
1836	0.1354
1837	0.1354
1838	0.1354
1839	0.1354
1840	0.1354
1841	0.1354
1842	0.1354
1843	0.1354
1844	0.1354
1845	0.1354
1846	0.1354
1847	0.1354
1848	0.1354
1849	0.1354
1850	0.1354
1851	0.1354
1852	0.1354
1853	0.1354
1854	0.1354
1855	0.1354
1856	0.1354
1857	0.1354
1858	0.1354
1859	0.1354
1860	0.1354
1861	0.1354
1862	0.1354
1863	0.1354
1864	0.1354
1865	0.1354
1866	0.1354
1867	0.1354
1868	0.1354
1869	0.1354
1870	0.1354
1871	0.1354
1872	0.1354
1873	0.1354
1874	0.1354
1875	0.1354
1876	0.1354
1877	0.1354
1878	0.1354
1879	0.1354
1880	0.1354
1881	0.1354
1882	0.1354
1883	0.1354
1884	0.1354
1885	0.1354
1886	0.1354
1887	0.1354
1888	0.1354
1889	0.1354
1890	0.1354
1891	0.1354
1892	0.1354
1893	0.1354
1894	0.1354
1895	0.1354
1896	0.1354
1897	0.1354
1898	0.1354
1899	0.1354
1900	0.1354
1901	0.1354
1902	0.1354
1903	0.1354
1904	0.1354
1905	0.1354
1906	0.1354
1907	0.1354
1908	0.1354
1909	0.1354
1910	0.1354
1911	0.1354
1912	0.1354
1913	0.1354
1914	0.1354
1915	0.1354
1916	0.1354
1917	0.1354
1918	0.1354
1919	0.1354
1920	0.1354
1921	0.1354
1922	0.1354
1923	0.1354
1924	0.1354
1925	0.1354
1926	0.1354
1927	0.1354
1928	0.1354
1929	0.1354
1930	0.1354
1931	0.1354
1932	0.1354
1933	0.1354
1934	0.1354
1935	0.1354
1936	0.1354
1937	0.1354
1938	0.1354
1939	0.1354
1940	0.1354
1941	0.1354
1942	0.1354
1943	0.1354
1944	0.1354
1945	0.1354
1946	0.1354
1947	0.1354
1948	0.1354
1949	0.1354
1950	0.1354
1951	0.1354
1952	0.1354
1953	0.1354
1954	0.1354
1955	0.1354
1956	0.1353
1957	0.1353
1958	0.1353
1959	0.1353
1960	0.1353
1961	0.1353
1962	0.1353
1963	0.1353
1964	0.1353
1965	0.1353
1966	0.1353
1967	0.1353
1968	0.1353
1969	0.1353
1970	0.1353
1971	0.1353
1972	0.1353
1973	0.1353
1974	0.1353
1975	0.1353
1976	0.1353
1977	0.1353
1978	0.1353
1979	0.1353
1980	0.1353
1981	0.1353
1982	0.1353
1983	0.1353
1984	0.1353
1985	0.1353
1986	0.1353
1987	0.1353
1988	0.1353
1989	0.1353
1990	0.1353
1991	0.1353
1992	0.1353
1993	0.1353
1994	0.1353
1995	0.1353
1996	0.1353
1997	0.1353
1998	0.1353
1999	0.1353
2000	0.1353
2001	0.1353
